7 0.393750 0.525833 0.035000 0.031667
7 0.596875 0.709167 0.066250 0.065000
7 0.425000 0.891667 0.092500 0.116667
7 0.312500 0.579167 0.040000 0.045000
2 0.198125 0.584167 0.041250 0.068333
1 0.158125 0.645000 0.061250 0.083333
0 0.089375 0.765000 0.056250 0.083333
1 0.204375 0.735000 0.081250 0.110000
1 0.258125 0.920833 0.133750 0.148333
0 0.308750 0.772500 0.065000 0.088333
0 0.478750 0.714167 0.057500 0.075000
2 0.395000 0.665000 0.055000 0.090000
1 0.358125 0.608333 0.048750 0.076667
5 0.492500 0.624167 0.200000 0.108333
8 0.625000 0.580000 0.042500 0.060000
8 0.655000 0.649167 0.057500 0.075000
1 0.696250 0.839167 0.090000 0.141667
5 0.493125 0.622500 0.203750 0.108333
