8 0.656250 0.650833 0.055000 0.078333
7 0.392500 0.526667 0.037500 0.033333
7 0.312500 0.577500 0.040000 0.038333
7 0.595625 0.711667 0.068750 0.070000
7 0.424375 0.891667 0.098750 0.113333
0 0.086875 0.764167 0.056250 0.081667
0 0.308125 0.773333 0.066250 0.083333
0 0.478750 0.713333 0.057500 0.076667
2 0.395625 0.664167 0.053750 0.091667
1 0.355625 0.609167 0.046250 0.075000
1 0.203125 0.733333 0.081250 0.113333
1 0.155625 0.644167 0.061250 0.078333
1 0.198750 0.585000 0.040000 0.063333
1 0.256250 0.923333 0.135000 0.153333
1 0.695625 0.840833 0.096250 0.148333
5 0.490000 0.625000 0.202500 0.110000
