7 0.270625 0.528333 0.031250 0.030000
7 0.206250 0.580833 0.040000 0.038333
7 0.487500 0.667500 0.057500 0.068333
7 0.376875 0.830000 0.086250 0.100000
0 0.249375 0.755000 0.061250 0.080000
0 0.607500 0.631667 0.047500 0.060000
2 0.101875 0.596667 0.043750 0.056667
2 0.590000 0.785000 0.085000 0.123333
0 0.386875 0.679167 0.053750 0.071667
1 0.075625 0.662500 0.053750 0.081667
1 0.141250 0.738333 0.080000 0.123333
1 0.259375 0.605000 0.048750 0.070000
1 0.556250 0.580000 0.045000 0.070000
1 0.704375 0.704167 0.066250 0.105000
5 0.378750 0.602500 0.185000 0.085000
