2 0.168750 0.696667 0.070000 0.100000
2 0.216250 0.610833 0.042500 0.071667
7 0.185000 0.552500 0.032500 0.035000
7 0.265625 0.510000 0.028750 0.030000
7 0.361875 0.655833 0.053750 0.058333
7 0.495000 0.524167 0.030000 0.035000
1 0.339375 0.530000 0.038750 0.053333
1 0.395000 0.529167 0.042500 0.048333
1 0.375625 0.758333 0.088750 0.130000
1 0.569375 0.545000 0.048750 0.060000
1 0.631250 0.645833 0.065000 0.085000
0 0.526875 0.691667 0.056250 0.073333
0 0.310625 0.686667 0.053750 0.070000
8 0.438750 0.615833 0.050000 0.068333
8 0.448125 0.554167 0.043750 0.055000
8 0.528125 0.592500 0.048750 0.058333
