2 0.198750 0.583333 0.042500 0.060000
1 0.156250 0.645000 0.060000 0.080000
1 0.203125 0.730833 0.078750 0.111667
7 0.311250 0.578333 0.042500 0.036667
0 0.308750 0.775000 0.067500 0.090000
1 0.358125 0.608333 0.051250 0.073333
7 0.392500 0.525833 0.032500 0.035000
7 0.424375 0.890000 0.098750 0.106667
0 0.478125 0.714167 0.058750 0.075000
7 0.595000 0.710833 0.062500 0.075000
2 0.675625 0.882500 0.101250 0.145000
1 0.683750 0.611667 0.052500 0.070000
0 0.731875 0.683333 0.048750 0.073333
1 0.826875 0.794167 0.076250 0.121667
5 0.493125 0.621667 0.203750 0.103333
