7 0.270625 0.525833 0.038750 0.031667
7 0.378125 0.830833 0.086250 0.091667
7 0.486875 0.664167 0.058750 0.058333
0 0.608750 0.630000 0.047500 0.053333
0 0.250000 0.751667 0.060000 0.073333
1 0.140625 0.733333 0.076250 0.106667
1 0.259375 0.604167 0.051250 0.068333
1 0.073750 0.662500 0.055000 0.078333
1 0.556875 0.578333 0.046250 0.063333
1 0.703750 0.707500 0.065000 0.105000
2 0.099375 0.599167 0.038750 0.061667
7 0.205625 0.582500 0.038750 0.038333
2 0.587500 0.787500 0.085000 0.125000
5 0.376250 0.604167 0.190000 0.088333
