0 0.087500 0.767500 0.057500 0.081667
1 0.259375 0.921667 0.126250 0.156667
7 0.424375 0.894167 0.096250 0.115000
0 0.308125 0.775000 0.066250 0.090000
1 0.200625 0.731667 0.083750 0.113333
1 0.155625 0.644167 0.061250 0.081667
2 0.197500 0.583333 0.037500 0.060000
7 0.312500 0.577500 0.040000 0.038333
7 0.393125 0.525833 0.031250 0.031667
1 0.356875 0.605833 0.046250 0.075000
2 0.393750 0.662500 0.052500 0.085000
0 0.477500 0.712500 0.055000 0.071667
7 0.596250 0.713333 0.060000 0.070000
1 0.693750 0.841667 0.092500 0.146667
5 0.493125 0.622500 0.201250 0.095000
